0.000701621,0.000861311,0.00097785,0.00155279,0.00218908,0.0026799,0.00414783,0.00434758,0.00524219,0.00663672
0.00192706,0.00362337,0.00636762,0.00992103,0.0182043,0.0199562,0.0259782,0.0310069,0.04169,0.0483575
0.012743,0.0285731,0.0497722,0.0736743,0.120383,0.145708,0.172175,0.237443,0.295016,0.390122
0.127651,0.304785,0.623084,0.772751,1.10117,1.61639,2.23422,2.77625,3.54992,4.51862,

umbra 1 core
0.231316,1.713806,2.223775,2.858917,3.107949,4.008492,4.347302,4.746305,5.123605,6.595236
0.266152,1.808859,2.437907,3.272724,4.011665,5.440156,6.591605,7.971647,9.679269,12.527022
0.492621,1.465222,3.278662,6.166018,10.520653 ,16.751855 ,25.938525 ,37.333896 ,52.323100 ,69.614001
3.463342,9.687129,23.842403 ,48.848001 ,88.891393 ,148.665806,227.903852,332.314109,481.760886,652.308499

qjoin 1 core
0.0025264,0.00390939,0.00806264,0.0135874,0.0244933,0.0308965,0.0419365,0.0530391,0.0740668,0.0917784
0.0147791,0.0405832,0.0901201,0.141017,0.226754,0.306729,0.419618,0.540697,0.738217,0.913077
0.183658,0.496855,0.892106,1.54656,2.31941,3.19995,4.17376,5.45203,7.48338,9.21112
1.97781,5.92834,11.5248,19.5735,28.1663,40.0474,56.0138,73.1838,92.7161,116.338